23	25	0	8	12	28	2	19	24	12	6	1	16	10	3	31	37	13	3	29	4	14	3	11	5	9	17	6	14	6	8	12	20	27	5	2	5	10	8	25	11	16	21	1	7	15	7	0	25	15	10	1	17	25	17	16	7	11	2	2	36	1	20	15	0	9	16	11	7	4	13	7	5	6	23	0	14	11	19	26	1	3	4	16	22	5	30	9	0	14	10	8	13	15	16	6	11	4	5	4	26	23	9	17	4	14	6	12	1	4	20	29	6	17	1	5	11	6	19	7	8	2	8	10	15
15	18	6	6	19	8	15	4	12	2	7	29	0	6	21	2	11	28	12	11	11	7	12	4	8	2	10	16	22	3	0	9	7	12	6	25	4	10	8	12	4	8	2	22	6	4	15	8	29	25	13	12	10	26	17	2	8	1	10	15	12	18	17	0	5	8	3	25	15	2	18	5	18	20	27	6	36	20	2	1	11	11	7	16	2	0	20	9	12	10	2	23	9	27	5	5	8	2	5	8	5	12	7	13	10	19	20	0	19	23	20	24	9	3	13	3	6	18	12	6	7	2	26	0	8
30	9	29	3	2	10	26	3	22	2	8	15	27	24	1	8	8	13	11	4	6	0	11	2	26	14	16	20	29	38	5	12	18	11	8	7	4	19	6	11	1	10	10	13	13	14	14	16	2	2	8	18	11	1	5	12	2	20	0	10	6	14	2	4	6	1	24	2	8	1	21	8	1	6	6	4	25	14	11	10	19	1	12	1	26	20	19	6	0	10	17	10	16	10	4	21	5	4	1	6	6	1	14	7	36	11	7	9	15	13	11	4	9	9	3	13	11	14	8	3	4	4	8	2	6
19	19	17	4	3	7	20	20	4	2	19	4	21	19	4	17	0	20	7	0	7	3	2	11	10	15	7	3	19	4	22	27	17	4	4	7	12	6	18	29	20	14	15	18	31	14	38	34	20	0	17	20	2	17	5	12	6	10	20	6	26	14	10	24	7	3	6	8	25	1	5	2	19	7	20	6	5	8	2	6	18	14	3	1	17	10	15	2	2	13	6	11	15	24	13	6	22	1	15	19	9	28	9	3	0	17	29	5	1	21	6	11	7	12	20	21	24	11	16	6	0	0	16	7	6
10	22	16	8	7	20	11	11	16	25	1	3	13	22	22	15	11	14	9	20	25	18	8	0	21	1	14	1	20	21	2	9	30	0	3	3	14	11	15	20	8	16	31	18	13	4	11	12	21	8	19	25	20	16	20	10	32	4	9	7	6	23	16	10	16	4	25	6	14	11	17	22	1	0	18	23	16	11	8	6	9	6	12	10	31	38	7	18	0	8	21	13	39	31	10	5	3	3	20	20	10	9	3	19	21	10	2	3	14	4	9	13	2	24	28	14	28	5	5	4	24	11	11	4	6
14	4	14	13	3	5	22	12	5	4	16	28	13	11	10	11	18	29	13	26	2	2	23	21	9	23	25	0	30	8	18	18	25	11	11	24	7	2	35	27	11	17	15	0	13	14	9	8	7	1	35	25	16	28	5	11	12	29	27	9	14	3	22	0	8	22	21	7	19	3	3	7	4	12	14	12	10	18	8	16	17	8	3	5	16	13	16	2	11	5	6	16	8	0	5	8	24	2	26	1	24	5	25	4	21	1	16	6	17	8	10	21	10	5	3	7	10	14	20	11	0	16	10	21	0
5	2	4	4	19	4	6	1	16	29	11	9	18	3	2	10	21	8	6	13	5	4	0	14	4	5	9	6	20	17	10	25	0	24	25	10	21	8	8	22	10	17	16	24	12	5	9	32	16	28	2	39	24	4	2	26	22	36	16	11	29	1	24	1	9	27	29	5	16	11	8	10	8	10	0	8	18	2	4	18	13	13	13	19	1	5	5	10	7	10	6	1	3	21	4	8	1	23	10	19	10	8	0	8	2	11	25	11	9	0	15	15	5	11	12	3	0	1	9	4	9	2	12	8	14
7	5	22	7	10	18	14	5	19	9	26	2	24	15	9	15	5	21	9	14	3	17	18	6	15	25	18	11	5	5	3	7	13	16	23	27	22	28	20	8	26	0	7	18	20	24	14	44	12	17	24	8	20	15	15	19	9	19	23	15	19	8	25	18	19	7	15	8	11	5	4	6	2	8	15	10	14	34	16	21	10	3	3	27	12	17	0	8	3	17	11	6	6	1	4	12	0	3	9	22	12	16	0	11	2	0	8	12	5	24	12	9	10	28	10	3	10	27	7	11	12	10	2	13	7
16	16	4	5	1	7	6	16	22	0	9	3	5	25	4	5	15	8	22	31	11	29	24	27	29	26	0	5	25	5	12	8	3	5	22	3	13	15	34	0	4	51	21	35	17	7	40	10	23	14	10	16	7	36	33	14	27	20	20	10	11	10	7	29	7	8	11	15	2	17	23	1	7	25	29	19	24	18	10	14	20	29	6	6	35	16	17	22	7	10	3	5	7	15	12	3	15	2	17	15	0	22	1	28	17	4	14	8	14	4	8	2	8	0	17	0	7	5	9	12	14	2	7	10	16
9	2	9	3	19	6	10	3	22	4	4	6	21	14	0	26	5	13	15	13	24	2	25	14	2	9	22	0	7	14	19	15	38	30	22	13	18	24	35	15	25	14	31	30	36	27	15	17	17	18	11	28	22	15	14	16	8	12	9	11	36	17	3	2	7	7	10	30	23	2	19	8	16	11	11	8	11	2	1	47	22	28	32	1	9	5	27	5	41	11	8	17	26	4	3	15	6	4	22	30	7	5	8	12	16	3	11	12	9	22	8	3	23	4	9	17	5	22	5	2	19	20	6	3	6
2	0	2	12	39	5	13	3	3	9	13	19	12	10	37	17	8	30	26	22	2	13	16	27	2	20	26	11	24	7	23	9	11	28	11	34	17	9	18	43	22	19	10	17	12	5	42	0	12	5	2	20	2	20	22	30	30	28	8	7	19	19	13	18	30	3	29	16	16	28	15	13	15	3	16	2	2	16	13	7	23	12	0	18	3	19	1	6	20	11	18	1	12	22	19	15	1	20	12	18	19	18	13	29	3	12	4	7	1	21	17	8	11	25	14	16	21	7	15	14	12	4	10	4	12
12	0	28	10	11	24	4	3	9	3	14	14	0	23	2	20	12	13	27	3	5	14	38	7	33	14	29	13	28	3	4	29	11	31	16	3	10	27	15	15	18	37	19	2	21	17	16	16	36	14	15	2	15	19	2	14	29	24	2	2	15	21	30	23	0	32	11	19	7	21	15	4	18	25	23	9	2	23	16	9	2	3	10	6	12	17	15	16	1	4	13	5	10	6	14	10	5	5	1	22	28	19	30	5	32	9	12	4	18	6	20	0	22	4	14	9	3	0	23	6	20	10	0	0	14
9	19	16	5	26	16	10	14	28	1	21	16	27	1	5	10	11	11	21	7	23	4	12	15	15	30	9	12	35	17	4	4	22	14	42	28	19	6	6	22	21	7	47	18	19	3	36	16	13	40	35	37	31	10	7	38	19	26	33	12	25	25	22	17	5	23	15	9	26	10	17	34	5	13	26	1	33	3	7	18	6	3	0	12	5	11	14	2	2	17	3	15	12	21	5	9	8	19	19	3	16	21	14	14	17	21	17	0	5	17	9	14	1	2	12	16	7	2	23	17	20	10	15	16	23
8	30	5	11	13	15	2	25	25	4	18	12	6	4	2	22	21	21	6	23	7	18	36	1	47	11	10	15	11	26	14	12	15	52	20	2	7	13	22	10	47	30	13	25	4	27	19	15	34	19	24	18	28	44	25	12	34	8	6	26	15	32	20	9	27	23	30	25	23	8	10	13	20	8	21	10	26	8	25	12	3	5	14	15	11	10	30	20	14	10	12	44	0	9	7	2	8	21	5	9	8	11	10	14	11	30	18	13	2	18	0	3	9	33	23	13	1	13	8	16	0	23	6	21	23
4	6	13	0	23	10	6	8	1	7	14	23	36	11	0	1	4	21	10	16	9	10	13	27	16	26	1	5	15	19	17	17	30	41	19	31	12	25	21	23	24	21	15	22	51	7	23	8	25	21	11	16	42	15	15	20	21	2	13	43	34	21	17	17	33	24	15	16	20	20	3	7	14	19	9	1	3	10	2	7	5	11	17	25	13	15	8	6	25	9	0	8	12	0	7	9	4	10	4	15	7	17	17	27	24	10	2	16	7	22	5	11	28	0	5	1	0	10	3	5	38	15	10	7	41
4	13	20	6	5	30	8	19	5	7	18	16	14	4	20	5	4	6	18	16	8	14	19	30	14	9	24	31	12	11	10	19	11	13	28	22	51	31	18	18	6	34	42	55	26	12	39	11	44	25	15	34	45	28	25	29	9	37	21	22	28	25	23	21	28	52	32	9	8	32	23	6	3	12	47	11	15	6	3	10	19	25	13	4	2	5	6	15	14	5	19	12	13	10	17	10	5	11	6	2	3	17	11	2	2	5	15	1	9	22	11	2	15	3	21	13	10	4	1	7	4	2	13	0	13
20	24	5	17	16	0	11	29	26	17	35	19	29	26	8	1	8	1	3	20	16	36	6	36	16	15	6	9	45	31	13	24	12	20	36	25	35	18	20	32	32	37	44	62	27	30	21	23	46	33	19	29	37	39	43	30	44	29	29	23	26	37	37	36	19	31	16	11	23	3	7	21	18	24	2	14	3	6	7	3	1	1	1	17	13	5	30	8	18	13	1	30	25	6	12	11	7	3	5	4	5	32	14	1	16	24	12	13	8	20	13	9	1	4	17	19	27	15	13	34	10	8	6	19	8
27	4	4	6	12	17	36	12	16	13	33	4	4	3	7	4	3	0	16	11	30	35	26	37	21	6	18	15	15	25	18	29	42	14	25	20	33	16	31	40	29	49	13	26	19	37	34	46	46	53	27	48	45	23	40	6	17	39	34	8	31	32	39	44	47	15	38	44	28	31	14	39	18	5	17	20	30	6	19	13	22	5	12	32	8	5	19	6	32	0	25	24	19	13	23	10	16	17	13	7	16	19	0	17	14	15	22	7	16	20	22	9	1	3	20	1	32	1	22	17	17	2	13	0	0
22	2	21	20	3	8	10	10	24	18	0	4	35	19	21	5	38	19	42	19	15	16	3	14	21	26	8	6	35	15	35	35	27	35	28	26	41	51	41	44	46	43	23	20	38	34	44	61	28	34	36	53	47	40	40	24	17	54	40	39	41	14	38	32	41	38	22	43	52	13	32	29	5	29	25	17	3	34	3	8	34	36	37	14	25	20	10	22	9	17	8	11	1	10	8	20	24	18	27	10	11	0	21	23	0	4	11	20	16	18	2	8	3	13	7	7	0	4	5	23	8	9	13	48	6
19	25	2	6	0	20	15	12	10	20	2	32	10	15	10	10	30	34	14	21	17	37	36	28	23	21	36	10	26	23	45	25	49	12	48	36	42	32	59	55	39	50	54	56	42	59	55	36	43	35	52	43	36	53	21	23	36	41	52	25	51	39	40	53	39	32	37	32	48	20	18	3	45	16	39	13	1	6	13	16	21	13	11	8	0	11	0	17	32	7	19	28	12	23	3	12	18	21	21	17	5	4	5	4	6	6	26	6	13	0	4	9	10	11	1	9	1	1	5	3	12	7	8	12	4
3	14	13	10	15	18	0	11	16	12	12	8	17	3	15	2	13	16	19	20	28	5	28	39	30	16	34	31	20	47	42	32	21	54	46	57	70	58	54	47	73	62	77	66	68	77	71	66	49	28	52	72	32	41	64	80	62	39	42	40	43	33	11	38	25	32	52	30	30	39	18	27	41	6	7	42	1	13	12	22	12	26	24	14	13	36	16	15	7	19	9	4	15	19	10	15	6	0	20	28	27	2	8	21	30	13	11	18	12	23	2	6	9	6	18	12	19	16	36	7	6	5	0	4	13
19	12	21	3	15	15	28	17	7	24	19	4	6	13	17	30	21	18	38	24	5	27	8	0	40	20	29	40	33	35	61	64	63	81	89	96	80	92	96	110	82	100	86	95	65	108	80	84	78	78	49	44	75	42	61	61	45	40	74	56	24	36	55	24	23	40	35	32	15	18	25	19	15	2	20	7	4	27	26	23	6	12	18	7	21	6	13	0	13	1	9	12	42	6	9	10	21	7	18	3	15	1	3	18	13	11	6	1	18	15	16	7	3	16	2	7	3	23	7	3	0	11	9	1	22
0	17	6	3	0	34	12	23	27	6	14	5	15	6	21	18	7	14	37	9	25	32	31	29	21	41	30	47	14	83	93	89	71	108	108	81	106	106	112	90	87	112	96	123	118	139	118	102	135	90	113	117	90	58	67	70	46	78	47	50	39	58	39	37	44	70	58	26	54	19	24	37	35	19	43	22	21	15	20	38	1	39	19	18	24	21	17	17	33	22	9	14	10	7	1	19	17	24	0	8	4	26	5	16	19	7	7	11	20	18	3	6	8	11	3	13	12	11	2	4	1	31	21	6	14
31	7	11	23	25	10	16	37	22	8	23	19	2	18	5	9	16	5	20	27	33	38	26	49	49	45	69	73	70	86	115	111	102	100	102	112	145	111	129	118	119	124	121	127	122	161	144	131	102	152	109	89	110	92	95	78	82	77	61	79	62	59	49	42	42	41	36	19	38	30	32	55	27	31	25	13	16	29	18	31	11	17	38	33	17	18	18	6	25	21	16	9	0	18	14	7	6	13	7	19	5	37	18	14	6	8	6	1	24	8	6	6	20	0	8	18	31	19	20	26	8	15	11	0	19
2	16	22	39	14	28	2	26	23	20	13	8	7	6	14	15	2	1	22	38	14	36	39	27	46	52	44	78	94	112	95	128	131	124	131	147	124	128	135	147	143	127	139	139	171	153	143	161	125	144	132	122	127	144	112	99	111	86	82	83	60	66	56	57	49	30	30	42	25	46	35	34	17	40	62	30	14	14	27	27	12	34	12	11	31	12	14	20	3	8	27	1	46	14	13	8	28	27	12	2	39	10	32	14	15	7	2	26	8	17	4	32	10	2	5	10	7	1	1	4	11	6	15	27	1
11	15	31	25	7	17	21	17	12	16	29	0	25	1	9	21	17	15	27	23	35	37	42	69	88	84	77	97	98	126	121	140	132	122	144	129	147	123	123	149	152	144	155	176	143	158	156	150	142	142	155	159	134	117	134	154	98	93	94	89	85	71	53	69	57	60	46	47	35	62	34	53	32	9	33	44	59	28	41	3	45	34	16	11	14	10	29	9	15	7	14	8	28	2	5	7	23	3	4	11	27	14	29	1	23	0	13	10	14	1	15	3	22	4	16	6	15	12	15	6	9	16	2	15	1
2	10	10	11	7	1	13	13	13	18	21	12	12	29	18	13	2	42	15	21	45	44	40	55	80	82	125	112	103	136	141	165	127	146	119	153	163	135	157	156	171	167	168	129	164	174	172	167	159	169	128	169	190	177	145	137	145	133	125	93	88	105	73	58	68	71	62	72	61	51	41	45	31	39	51	62	37	19	42	24	16	22	29	11	26	39	17	3	20	32	16	10	28	12	23	4	5	7	9	4	11	2	17	3	8	29	6	8	21	16	14	4	7	3	3	12	1	17	3	5	8	16	13	15	8
0	35	23	18	1	17	18	15	22	3	16	3	22	14	18	52	32	10	21	29	38	52	75	79	81	77	111	91	121	115	136	146	151	153	135	141	150	142	130	148	169	169	166	185	191	189	170	171	164	178	205	185	185	165	197	176	139	158	147	146	109	133	114	149	85	75	61	68	72	62	51	35	60	27	36	20	34	16	29	22	37	38	14	28	7	14	34	13	15	18	30	5	20	21	2	22	14	10	5	35	0	18	7	4	13	10	3	30	11	3	8	3	6	17	7	9	14	0	11	18	19	1	16	14	12
13	21	22	3	16	14	28	22	10	35	17	2	6	23	21	16	41	19	47	35	50	70	92	92	91	97	83	112	152	129	168	139	133	157	128	159	141	152	156	169	181	188	198	204	195	193	180	195	210	210	192	185	209	222	223	192	185	213	141	133	156	141	154	147	122	95	106	98	91	91	90	60	41	60	40	49	40	37	22	25	30	37	25	14	33	18	19	38	5	28	22	13	17	1	34	21	18	9	19	13	15	33	19	27	2	7	36	4	8	13	21	13	16	26	1	12	8	13	1	12	9	9	12	26	1
12	20	4	2	8	24	18	1	1	8	25	8	15	13	28	27	33	41	59	66	72	85	96	87	95	119	113	120	166	151	150	162	151	128	133	146	156	143	178	188	178	176	196	189	170	206	174	164	196	187	221	241	235	212	228	204	192	180	177	164	152	185	167	138	146	133	127	127	110	111	99	91	72	58	65	63	27	25	50	53	19	30	31	12	32	36	11	15	39	23	8	12	6	8	2	28	12	27	4	24	0	14	15	6	3	10	1	15	10	5	3	10	1	11	1	24	5	26	14	12	12	15	2	23	4
10	7	2	23	2	22	10	7	20	29	7	29	17	28	46	25	47	43	57	80	77	95	96	100	100	95	136	150	156	151	162	140	145	139	193	167	149	161	166	182	209	197	198	201	186	182	190	180	187	204	238	236	250	236	229	219	224	201	189	193	203	179	185	173	155	144	149	115	127	119	94	96	87	95	68	64	60	31	56	48	34	56	37	37	41	2	27	29	11	33	7	23	5	15	22	25	27	16	9	4	17	12	4	13	1	12	20	15	15	38	20	7	18	15	5	9	13	17	6	2	11	10	10	9	10
1	3	3	4	9	27	1	2	35	16	5	23	28	48	31	38	56	69	79	74	89	84	127	105	110	135	162	143	181	177	147	184	162	143	157	141	175	194	200	199	209	183	191	184	174	183	183	165	200	203	241	234	227	240	246	250	207	228	232	186	217	217	172	150	139	116	137	119	134	136	122	104	107	103	71	80	82	67	58	54	45	64	50	34	40	6	11	11	27	1	17	18	22	6	27	6	7	16	29	3	14	14	26	11	1	17	11	23	29	9	19	5	14	2	12	11	19	8	18	8	4	14	9	1	19
16	20	5	13	11	12	12	12	30	12	31	28	22	25	8	33	46	84	95	97	108	103	107	128	132	120	135	144	146	189	170	162	156	176	184	197	196	189	196	211	186	183	184	165	195	169	175	189	169	231	214	247	253	253	228	218	219	219	232	220	223	195	186	186	173	139	133	137	139	150	125	134	110	117	106	106	95	90	79	77	45	35	22	15	41	54	26	50	18	32	42	6	8	13	15	3	39	12	19	18	2	10	6	37	18	6	13	24	11	8	12	15	12	11	34	9	7	7	2	17	14	4	16	5	3
7	1	10	18	33	16	13	11	6	19	20	11	16	46	31	32	84	77	90	105	128	120	130	132	140	129	150	162	163	141	174	183	188	170	179	184	202	203	206	189	147	180	187	180	199	206	181	199	188	253	199	247	243	242	228	229	230	233	224	220	214	193	186	186	180	162	143	138	151	157	151	131	120	136	123	117	101	118	90	96	71	80	65	34	44	49	51	1	21	57	32	39	12	24	18	30	11	19	24	40	23	32	24	24	13	15	7	13	1	15	23	3	0	16	0	44	20	13	2	20	15	9	1	8	14
12	4	17	8	18	13	29	22	25	22	26	22	43	31	46	72	80	100	114	124	98	111	128	134	123	124	143	148	160	161	159	181	195	215	199	197	210	177	187	144	146	160	168	176	198	179	200	202	198	221	225	235	247	253	254	244	239	224	244	210	198	175	210	194	163	166	154	157	179	147	155	164	138	165	156	146	125	119	96	101	74	85	62	49	58	27	39	17	32	51	5	31	27	39	22	19	5	21	25	22	6	36	17	20	23	0	8	12	8	11	8	9	11	1	8	4	6	15	2	15	14	33	1	18	22
8	17	12	2	16	0	23	32	4	9	16	25	37	46	77	62	95	112	120	104	129	116	124	116	113	133	145	155	172	187	188	179	182	194	194	211	170	151	128	144	155	147	156	168	177	183	204	233	219	227	234	251	254	237	238	241	242	248	214	234	221	219	195	192	182	186	182	196	187	168	167	164	163	169	134	118	142	141	126	124	121	84	94	95	77	27	47	52	52	28	54	38	38	33	35	29	20	25	12	25	9	19	7	21	12	27	23	11	15	7	2	34	14	10	8	5	12	0	29	8	3	3	25	5	3
26	1	14	26	9	18	14	23	23	16	15	11	22	53	63	84	101	92	124	103	114	129	121	94	93	116	167	157	149	143	143	175	223	218	186	214	187	151	125	139	139	135	140	164	193	200	209	225	241	234	240	228	244	232	230	248	222	248	244	201	203	200	154	162	201	180	173	219	190	209	187	192	188	171	189	168	159	139	130	123	126	136	104	88	96	61	68	32	34	35	1	47	35	24	34	33	31	14	13	40	12	2	30	11	8	18	18	11	26	4	15	20	20	22	6	5	13	9	1	6	6	33	1	4	3
1	22	2	8	30	18	4	19	38	30	39	36	36	36	46	63	104	101	112	121	140	134	178	110	151	102	138	150	166	185	193	187	195	221	207	179	140	126	151	125	106	141	137	150	161	183	202	215	249	247	235	237	227	235	217	238	231	231	221	203	200	183	182	143	152	178	176	189	193	207	187	182	184	199	165	154	148	144	139	123	126	125	126	118	78	78	67	46	44	63	56	27	40	30	36	19	17	22	16	36	29	26	7	14	13	14	25	25	21	20	28	10	12	7	13	0	10	9	0	3	20	5	20	12	29
16	23	15	3	42	15	26	10	31	3	26	30	42	46	84	102	106	126	129	102	140	137	138	95	120	122	147	151	161	154	176	199	186	193	168	153	148	114	124	123	110	121	134	131	172	197	197	239	233	250	230	249	225	218	245	231	230	219	241	198	170	142	147	164	177	200	190	191	208	218	187	176	192	168	170	155	164	160	152	137	121	119	121	111	116	86	91	64	76	75	50	33	37	32	56	43	26	34	30	43	4	22	11	26	14	22	26	12	12	5	4	36	34	13	25	19	1	31	9	22	4	5	12	8	11
5	27	2	21	10	31	3	21	22	19	18	15	41	62	71	97	112	123	101	122	113	124	147	129	139	146	158	150	176	170	171	166	207	195	167	152	141	155	145	129	137	139	129	160	167	177	158	186	211	234	223	238	246	203	233	201	245	223	233	224	209	174	175	184	197	191	202	216	193	199	205	201	177	182	183	183	182	169	150	155	124	140	120	133	99	95	98	74	58	73	66	45	23	16	45	36	35	25	21	38	14	35	33	21	5	14	9	18	21	25	17	2	0	22	11	8	13	14	35	12	6	16	25	6	7
17	13	12	17	37	36	32	25	16	29	27	24	24	74	65	88	107	106	107	108	108	128	109	135	127	129	164	164	163	180	197	172	212	170	168	138	135	111	124	140	142	132	139	157	133	196	153	207	197	231	214	234	184	222	197	207	205	242	212	231	206	180	189	169	182	206	176	207	238	184	191	184	177	190	189	166	167	183	160	159	168	151	129	111	101	89	53	97	56	86	88	51	62	22	41	40	38	77	36	13	43	36	14	10	6	46	11	36	26	11	1	9	3	16	10	3	14	10	19	15	14	17	21	33	15
19	8	6	13	36	31	27	18	29	25	40	14	68	79	91	111	120	115	106	130	132	136	139	125	126	173	157	164	152	166	200	194	193	199	166	153	149	125	133	141	137	144	133	146	136	152	152	196	185	196	208	215	213	211	213	218	206	191	217	243	197	197	201	205	184	162	175	186	203	190	160	183	174	204	190	173	179	154	178	153	117	126	156	112	97	123	108	95	103	97	84	73	67	60	62	61	12	27	27	19	18	32	46	12	29	39	7	20	29	14	10	18	23	13	16	20	15	18	10	11	3	7	23	7	0
5	11	14	4	12	26	12	26	21	12	38	21	48	62	85	102	124	88	107	138	82	131	128	135	154	164	135	167	197	195	191	185	193	212	171	148	144	126	137	137	133	143	151	131	171	149	174	177	192	189	237	235	223	191	215	212	185	198	226	201	222	204	215	204	216	174	166	202	194	185	184	173	150	151	169	176	181	180	165	145	126	123	117	113	111	110	139	115	109	117	106	112	75	84	74	63	38	55	55	34	24	23	24	27	37	43	33	15	7	23	0	5	12	22	11	20	28	1	27	9	26	26	15	13	0
7	17	14	7	23	22	16	26	18	25	29	55	59	75	102	103	106	102	101	110	93	121	110	115	156	141	158	185	204	187	182	164	173	203	161	160	146	139	135	120	116	126	125	124	137	150	199	196	200	216	208	214	192	219	197	223	211	222	232	222	225	222	208	204	198	185	168	182	185	201	192	189	149	159	167	143	179	158	174	151	128	145	104	118	133	133	122	128	127	114	122	107	100	81	76	67	41	41	29	32	46	32	32	23	25	33	31	30	33	5	18	19	11	0	14	18	31	19	9	23	22	9	10	6	0
8	15	30	26	11	20	44	40	34	22	13	64	83	110	86	100	122	105	87	88	82	105	119	152	151	154	167	165	180	181	175	171	182	198	173	162	145	146	155	130	144	117	134	148	177	162	188	199	206	222	208	179	210	201	206	192	211	204	213	231	214	225	209	239	205	199	204	180	205	187	210	161	176	146	148	141	150	162	174	154	128	143	125	134	122	128	140	128	118	125	123	112	65	126	102	107	66	48	40	38	28	21	32	24	31	18	54	19	31	16	40	12	21	16	1	0	2	17	10	7	9	5	18	1	22
16	4	10	18	10	16	21	32	28	33	24	43	68	105	84	123	99	89	113	120	79	127	118	113	141	155	140	151	173	162	165	178	153	193	203	204	152	125	130	137	149	161	135	141	157	151	168	182	216	197	196	193	197	194	209	233	209	198	208	218	243	248	234	220	205	221	191	219	181	176	174	161	159	182	164	157	172	170	175	161	152	123	137	139	105	132	121	156	128	140	140	136	104	110	96	98	65	79	47	37	21	1	35	27	19	32	17	18	16	1	4	21	23	3	3	22	3	4	0	10	24	17	1	10	4
12	25	14	28	11	48	28	14	15	17	19	32	81	97	125	90	124	121	115	102	96	104	112	120	132	153	131	167	154	164	168	149	185	224	196	216	176	172	142	146	141	170	163	175	156	173	207	183	184	189	195	195	217	195	222	213	197	201	192	216	235	250	253	230	206	202	195	207	203	167	187	172	185	170	157	157	176	160	161	168	168	162	168	131	133	137	136	132	149	121	146	129	123	125	101	101	101	101	60	54	48	42	27	25	32	19	12	31	12	16	11	32	25	2	17	9	2	0	7	21	13	21	6	12	1
9	23	26	7	6	22	19	44	31	32	46	53	67	93	124	110	93	103	96	114	123	103	129	130	126	147	143	128	143	164	156	178	194	195	213	209	185	154	169	166	150	144	151	157	195	190	184	215	200	207	208	196	207	222	205	233	203	179	201	185	228	252	252	239	247	232	229	226	222	209	190	202	179	164	149	189	172	160	177	164	190	160	144	162	156	144	143	171	159	149	138	124	109	137	136	105	113	109	77	55	74	55	20	29	48	25	21	17	6	20	9	0	33	18	24	3	14	21	6	3	11	1	19	1	20
11	2	18	10	7	15	10	26	24	38	34	47	79	116	121	115	96	130	130	125	105	123	126	124	131	122	142	144	153	154	212	166	182	204	205	228	197	179	177	183	193	183	177	207	209	197	201	198	192	179	216	231	219	227	229	209	232	176	216	213	232	225	244	254	222	246	227	231	213	220	203	203	176	167	165	197	161	138	183	182	176	185	188	181	175	191	169	172	151	144	123	125	131	125	139	118	127	79	65	100	71	60	28	35	26	24	25	47	29	44	30	17	8	16	27	19	11	10	12	16	10	4	4	4	16
16	6	20	2	8	12	22	17	40	21	46	43	59	85	92	109	138	115	106	163	99	141	130	142	133	113	137	157	139	153	156	194	208	210	199	197	203	223	212	202	204	184	207	242	214	196	188	195	184	190	254	244	216	240	228	223	216	231	227	245	239	234	242	240	239	233	236	249	229	202	209	186	187	167	189	174	149	175	173	197	184	170	193	166	150	158	161	162	178	179	148	156	122	134	124	125	121	130	75	103	78	77	61	26	20	50	44	30	28	29	31	38	21	28	35	4	9	23	17	14	2	10	35	5	17
14	28	37	30	9	25	17	17	14	7	29	51	52	89	124	107	134	139	133	127	132	135	147	148	158	150	161	148	149	170	128	167	195	199	197	202	188	207	195	213	222	215	220	227	207	198	183	203	192	230	228	237	248	223	237	227	222	221	212	227	219	216	237	245	227	247	243	235	229	221	199	216	180	165	188	171	187	175	174	183	145	159	199	194	184	171	184	151	179	172	156	127	156	148	167	143	93	120	130	104	106	114	87	47	47	53	26	42	22	12	23	15	20	18	4	31	23	15	12	19	38	3	10	6	13
2	5	11	7	25	16	30	33	30	30	41	37	71	75	114	120	119	115	133	132	133	154	141	170	165	159	165	137	161	144	149	163	188	199	210	186	185	213	195	191	205	210	195	213	200	181	168	185	192	213	215	223	234	243	224	211	213	228	214	218	197	247	214	231	215	218	240	233	224	215	234	231	218	195	196	171	170	167	177	170	198	182	191	169	206	181	176	179	157	172	161	163	138	162	170	158	101	128	89	72	92	97	92	87	64	49	25	8	28	49	14	11	6	23	33	5	24	29	23	21	20	12	9	6	14
19	5	10	26	18	21	28	51	32	37	26	40	83	70	92	143	122	126	143	147	146	140	154	169	147	164	148	143	144	146	153	167	175	198	195	188	172	195	188	188	205	188	182	216	199	191	202	189	217	185	229	253	248	235	242	246	239	237	231	231	234	210	233	228	210	238	241	238	215	212	221	218	219	183	182	183	167	175	182	180	178	188	171	167	198	176	179	180	181	143	173	167	162	165	150	132	128	121	109	107	92	118	87	100	55	46	28	32	31	19	22	44	26	20	6	3	11	9	18	10	2	6	14	10	4
16	6	9	10	7	32	11	31	31	51	27	31	57	93	95	132	132	128	139	165	152	170	158	147	159	137	169	110	150	125	150	160	189	165	162	187	180	170	188	171	153	190	204	180	198	205	196	209	213	223	232	253	241	246	230	238	242	246	252	234	217	201	194	225	225	210	252	218	236	213	234	213	189	179	220	183	176	156	177	165	171	172	200	205	194	171	210	169	153	153	168	173	146	167	153	122	141	136	132	147	131	107	107	106	86	64	46	53	33	49	15	23	32	16	51	20	1	7	17	25	30	2	24	4	15
17	6	19	17	22	16	13	43	8	46	43	42	66	74	117	129	134	134	143	156	142	158	155	170	165	139	119	122	113	143	128	161	168	140	127	171	156	168	166	170	177	182	194	199	175	159	170	203	208	223	247	225	236	253	249	251	253	248	234	225	199	204	162	199	207	228	212	231	218	241	210	215	223	186	189	183	168	157	172	127	143	172	168	205	200	178	154	181	163	165	171	159	164	165	162	140	140	144	158	156	149	120	120	125	109	71	66	43	36	35	50	44	22	28	44	30	11	24	25	0	12	5	17	10	3
21	25	19	36	18	34	8	39	26	44	33	46	68	102	99	103	128	144	155	171	156	170	182	147	174	156	126	112	140	124	165	141	154	180	153	136	127	173	163	160	198	195	180	206	167	165	185	181	197	213	231	213	246	230	245	228	245	222	250	231	218	211	212	205	227	218	209	219	225	213	196	219	184	179	206	197	167	138	137	147	143	173	176	181	182	179	149	182	158	169	167	175	154	182	178	153	155	133	145	168	128	147	139	135	96	73	68	60	32	30	16	22	30	1	33	8	13	30	13	10	5	6	6	3	10
6	10	5	46	24	2	8	36	20	23	29	50	57	60	112	97	113	156	160	142	132	151	162	168	176	159	147	135	136	145	141	173	149	147	163	162	137	140	167	151	150	148	183	195	163	155	167	172	201	203	234	229	250	245	254	236	247	251	249	252	225	226	200	210	232	229	232	210	237	209	205	197	186	186	187	166	153	160	138	140	153	160	162	151	195	171	179	176	179	168	165	169	154	166	167	149	177	163	145	156	155	161	143	144	129	120	52	73	29	27	22	19	22	33	13	15	16	17	31	15	16	24	10	2	6
16	3	11	14	18	11	3	39	37	19	45	50	75	87	83	129	130	154	139	154	168	161	143	173	160	132	157	118	151	144	143	142	140	131	151	153	136	148	135	138	176	193	199	163	162	168	160	184	206	199	207	219	239	231	252	222	238	246	247	247	229	232	234	211	228	234	198	197	200	212	210	171	184	171	164	165	143	149	146	158	161	152	155	167	159	178	169	157	164	182	165	177	174	156	147	173	171	137	161	143	167	144	149	144	117	104	80	50	45	51	39	47	7	33	13	34	16	28	27	25	14	10	27	12	5
6	6	22	25	12	14	18	7	31	36	36	49	29	59	86	94	139	133	109	152	149	134	135	144	163	139	160	118	152	157	145	161	177	156	140	116	124	144	163	149	184	205	195	171	162	168	157	170	168	198	224	209	212	205	221	240	252	246	243	224	211	210	215	210	220	209	214	165	229	216	181	181	196	213	206	197	174	166	162	151	156	177	199	182	181	177	168	163	175	168	161	153	160	157	128	143	143	140	164	156	150	145	145	128	120	106	106	75	54	52	36	28	64	56	18	41	0	12	35	11	21	2	14	9	1
4	17	0	5	29	12	20	33	18	32	33	47	33	61	97	96	110	123	115	132	153	179	156	150	124	170	144	154	140	162	179	169	162	175	123	175	156	142	157	197	208	211	174	152	141	174	173	157	163	195	229	221	208	202	253	240	250	238	232	216	237	225	234	225	204	208	204	187	197	192	213	210	198	197	211	183	181	155	182	173	189	181	189	198	210	178	161	157	159	146	161	152	138	172	162	133	126	128	103	148	121	153	162	142	97	122	84	92	79	66	24	41	31	34	23	17	33	2	25	34	11	1	16	16	2
10	19	6	11	1	24	26	12	34	29	13	20	56	53	93	111	118	119	114	141	138	118	126	128	130	159	179	144	156	174	143	180	175	156	165	173	192	131	150	181	210	232	178	175	181	152	191	193	176	205	202	212	196	192	245	247	249	247	236	214	218	217	246	224	215	220	193	197	204	206	198	209	196	205	195	204	171	192	183	201	190	167	194	202	200	175	170	134	166	145	154	162	125	126	156	143	132	132	104	117	136	122	116	128	112	109	82	110	87	64	59	34	44	18	39	38	44	23	21	16	8	10	4	2	7
10	38	14	9	22	37	12	7	8	22	32	29	44	73	75	119	105	97	123	124	111	112	122	111	159	203	177	138	156	145	169	153	149	148	150	153	156	128	165	158	165	186	207	195	178	200	174	196	174	198	188	195	219	205	232	247	214	216	229	214	223	211	208	227	255	212	214	189	198	223	194	189	209	202	205	194	169	178	211	195	221	224	224	189	208	159	178	159	166	133	175	152	150	153	150	134	127	108	97	107	126	118	102	109	122	105	81	81	82	58	63	36	33	38	30	42	41	4	36	13	7	15	3	18	27
38	38	3	17	8	7	7	28	25	25	12	23	22	45	76	99	98	107	109	97	100	111	130	128	145	149	179	171	169	148	165	160	189	158	162	165	183	134	164	183	201	178	200	212	217	212	197	183	180	203	229	217	235	215	225	223	242	216	194	207	206	228	230	242	230	251	219	202	206	205	187	200	191	200	212	186	189	184	203	189	223	241	223	194	200	167	171	175	177	149	157	169	181	140	152	146	141	145	113	133	135	103	90	103	115	107	140	92	90	83	79	45	20	67	32	11	26	16	21	14	26	19	0	22	5
0	2	27	16	10	35	21	34	21	47	25	12	42	40	59	82	99	92	102	95	118	125	104	158	159	170	187	161	173	156	158	171	175	161	180	136	144	131	161	175	183	201	201	204	212	241	225	199	211	229	220	217	200	201	185	197	182	205	207	186	192	187	210	227	217	225	214	220	197	191	182	202	191	180	167	189	180	197	190	213	201	214	199	191	214	181	181	203	168	181	191	179	170	141	134	126	112	151	139	157	118	128	109	111	104	100	113	96	111	77	59	43	38	14	51	29	4	21	1	12	3	1	21	29	2
4	14	0	7	5	10	25	35	32	14	31	19	25	30	40	72	79	116	87	112	100	127	142	141	155	162	191	178	170	158	165	169	177	151	186	168	155	171	165	153	208	216	210	216	226	245	219	213	218	227	206	200	181	159	179	156	165	159	156	158	163	163	198	225	203	218	231	216	194	183	181	150	150	191	168	174	186	216	191	191	192	220	206	182	207	189	200	203	210	174	187	185	180	154	132	112	141	128	148	128	141	126	146	113	109	150	99	118	104	64	58	71	43	26	13	29	21	27	40	24	12	18	19	9	8
3	30	24	18	18	7	34	29	5	43	22	29	34	18	25	59	87	73	93	115	111	118	171	137	158	149	150	157	194	201	186	177	180	170	183	173	176	170	180	184	184	217	196	195	212	220	224	234	237	219	192	196	188	186	151	121	149	145	153	157	153	166	173	187	183	220	210	194	188	184	174	141	160	157	168	154	180	200	203	174	185	181	193	185	171	194	192	196	213	190	198	178	189	192	147	143	151	136	129	125	120	138	99	131	103	121	102	110	72	58	84	81	51	47	22	54	40	44	17	31	13	3	8	28	8
10	9	21	4	18	1	24	17	44	16	15	27	10	57	33	69	86	93	91	110	140	133	156	138	136	151	164	166	188	199	165	181	195	180	170	200	166	164	204	195	192	200	195	214	198	218	213	229	229	210	166	174	166	161	156	126	127	139	128	146	147	166	163	181	182	216	194	206	177	183	149	149	162	148	143	169	196	183	188	217	215	215	211	191	187	193	207	205	217	208	169	195	208	184	201	169	131	133	138	151	134	143	120	107	108	126	117	108	81	81	92	56	42	48	11	50	21	13	14	24	7	20	13	19	36
13	6	31	11	14	31	18	2	17	11	9	19	33	32	64	51	69	99	95	137	143	142	136	159	151	143	153	160	177	176	173	162	160	178	172	170	167	186	200	187	211	205	208	189	206	194	247	234	219	203	164	145	128	131	102	132	137	114	133	153	127	158	168	152	216	201	178	194	194	160	164	140	175	128	168	186	153	171	176	187	196	209	194	188	176	173	215	197	214	221	221	186	198	186	198	161	172	143	136	107	95	106	136	100	127	100	132	130	93	81	75	54	36	37	30	33	20	18	9	29	29	4	6	17	32
8	5	18	29	7	4	12	32	22	4	6	14	21	40	41	53	61	71	93	121	131	134	149	178	162	161	142	153	173	171	186	191	173	182	198	181	190	181	197	207	205	193	204	190	201	205	200	227	230	194	153	140	151	112	121	133	141	147	141	129	129	128	161	169	182	174	181	187	164	165	174	144	156	159	155	154	184	172	172	199	200	203	178	179	181	194	186	195	205	212	220	209	209	217	192	189	153	151	138	129	124	111	114	141	143	108	111	117	106	91	84	89	44	62	30	24	18	20	19	32	7	9	4	21	3
13	14	8	16	17	14	11	21	20	14	43	30	57	37	20	22	45	52	90	102	115	129	123	148	169	158	176	164	179	186	169	219	175	176	154	174	178	182	200	240	212	179	209	194	187	215	191	178	185	182	160	136	148	137	111	132	114	115	131	114	113	149	144	155	183	182	199	188	185	187	179	167	169	156	149	156	140	158	176	183	171	181	134	174	168	198	192	168	196	198	198	220	226	193	204	169	144	145	126	145	107	116	149	147	136	129	116	125	104	93	88	74	62	32	39	5	44	31	23	0	21	16	10	27	7
23	3	18	21	12	11	10	5	22	21	21	18	29	33	30	24	49	92	89	86	104	102	127	156	162	150	130	147	152	155	177	185	186	145	192	180	198	219	204	223	195	187	193	221	200	191	182	179	176	170	137	154	120	121	113	135	120	91	105	108	133	109	135	154	154	168	194	178	177	153	145	157	174	176	147	145	166	175	188	180	187	178	182	169	179	185	197	212	186	220	223	196	224	203	172	141	142	127	124	106	142	114	140	156	134	170	151	129	128	108	119	81	76	49	40	34	37	21	25	13	31	5	21	20	18
25	30	24	5	10	0	18	6	26	9	22	18	30	8	24	42	58	73	105	88	95	118	129	109	118	120	134	128	146	171	161	157	161	160	187	177	195	187	166	202	188	196	196	187	197	191	202	170	157	156	152	120	121	115	130	111	107	102	104	121	124	124	149	122	146	178	170	163	174	174	162	145	170	186	164	162	172	153	194	182	174	193	191	176	209	187	162	209	212	228	225	197	217	201	181	134	115	117	135	135	134	127	132	141	171	154	146	140	118	90	91	82	54	68	30	30	34	52	45	19	11	19	32	6	7
10	10	11	16	7	17	24	9	12	27	16	11	27	37	31	35	47	65	71	103	125	102	123	92	94	124	142	119	171	162	159	161	174	171	165	167	172	178	176	194	190	187	177	175	176	185	183	210	169	168	130	120	115	111	111	130	117	119	108	100	106	115	134	161	162	149	153	151	170	161	192	198	176	142	145	166	129	161	162	179	186	175	175	184	211	201	192	197	224	181	223	190	207	187	196	116	146	130	139	141	123	134	140	157	157	156	147	132	95	102	102	93	66	39	31	29	46	26	34	32	21	24	22	4	3
1	0	28	2	19	0	10	4	20	23	16	3	8	26	31	24	39	44	60	82	90	97	103	66	126	115	98	147	165	180	150	166	152	118	144	150	152	165	172	178	190	175	174	172	161	183	195	197	199	163	134	135	134	131	109	102	122	115	92	120	111	136	122	126	174	168	191	138	157	175	176	183	170	152	150	145	145	171	159	171	181	178	171	178	200	190	210	198	186	195	198	195	185	162	155	153	150	149	149	150	156	146	125	165	146	139	158	133	132	121	94	75	63	49	22	40	20	27	14	20	21	24	9	16	17
12	13	7	4	18	6	14	3	17	16	5	4	6	30	11	46	45	21	44	48	89	92	85	95	87	133	133	133	153	154	158	128	161	122	130	133	164	152	167	171	163	153	166	165	172	185	188	191	226	166	154	154	147	149	148	120	124	106	108	129	128	100	148	165	180	177	210	178	164	158	175	193	179	182	185	151	158	141	162	148	183	180	197	172	188	210	207	180	193	195	179	158	181	170	163	119	138	140	145	151	172	165	129	144	129	135	125	143	105	116	102	87	83	63	46	32	29	29	35	20	21	12	31	24	26
27	16	4	6	2	15	10	11	15	9	14	8	7	31	15	32	33	22	31	32	50	73	80	83	100	109	136	147	118	126	127	130	140	140	122	114	161	173	158	152	170	182	139	185	178	184	214	177	213	206	192	157	143	163	151	154	107	147	130	133	126	135	153	157	191	199	181	185	180	163	202	181	161	185	196	154	171	155	134	141	136	153	140	153	172	175	169	180	221	181	191	173	160	151	173	147	158	130	150	180	161	153	138	159	141	129	123	122	135	100	104	58	66	32	19	29	50	34	7	23	13	36	36	22	5
11	14	11	28	30	11	33	17	10	10	16	16	26	23	3	35	33	39	43	46	56	56	66	67	70	107	109	114	118	119	141	131	117	131	134	145	119	146	154	161	189	175	164	141	164	172	197	181	179	188	186	176	174	158	145	135	145	117	138	125	132	131	175	178	197	201	165	172	171	163	164	142	169	192	174	173	150	153	172	149	157	154	167	161	179	171	204	184	205	191	193	173	171	163	152	153	147	153	160	154	168	160	146	149	140	143	123	124	114	118	96	72	51	53	40	29	15	20	7	34	7	23	18	3	21
18	44	6	22	24	5	14	8	1	10	1	25	11	4	11	23	9	29	43	33	33	57	64	63	67	88	90	99	93	109	94	144	109	134	110	132	162	114	147	147	184	208	173	196	177	184	186	176	182	181	168	189	174	158	138	121	159	168	150	126	151	154	173	185	191	183	181	170	175	172	163	151	152	169	173	138	177	167	158	177	151	132	149	163	162	178	177	174	205	199	213	180	180	166	182	163	169	174	163	170	177	177	141	156	137	134	127	139	112	93	90	75	44	40	35	7	23	19	5	41	8	10	10	25	13
1	12	18	27	3	0	18	8	3	11	14	31	2	28	24	21	12	26	60	18	20	32	52	106	76	63	87	104	99	102	114	112	120	115	120	138	144	150	154	178	184	184	188	155	171	159	171	161	145	173	144	188	169	184	165	161	158	156	158	168	155	174	205	186	195	170	161	171	173	157	144	127	154	153	150	130	171	169	164	155	173	154	140	144	159	168	146	168	171	189	182	190	180	187	191	141	176	147	144	182	159	164	149	135	146	158	123	150	129	97	102	56	43	27	16	33	39	8	40	6	23	50	26	26	12
32	24	3	6	21	30	9	9	24	20	3	35	10	22	11	34	31	30	30	16	45	28	24	48	72	76	100	99	85	121	117	117	120	92	124	126	126	173	156	156	166	170	190	165	179	168	175	164	179	158	169	182	167	187	170	174	183	196	191	211	187	217	205	209	207	155	167	166	146	139	135	143	134	165	137	149	143	155	173	168	178	164	173	153	170	186	179	178	177	150	174	202	181	196	139	178	164	162	158	147	144	157	167	157	137	136	143	134	94	102	75	57	42	14	45	22	40	38	36	20	9	31	8	1	6
5	9	7	7	7	8	13	10	5	14	10	9	32	15	23	19	15	13	13	21	40	45	53	32	35	82	80	95	97	106	96	125	109	122	123	132	123	134	147	178	171	168	157	154	152	156	152	151	153	157	143	140	179	189	183	183	198	203	198	189	214	206	221	206	184	162	174	153	171	150	139	131	145	108	152	150	144	145	172	176	190	174	197	176	182	166	165	186	180	198	172	180	171	176	172	141	166	146	143	167	182	142	149	130	133	136	128	115	102	105	111	38	45	17	28	53	18	26	18	8	19	12	14	18	23
5	1	6	2	10	18	24	16	15	7	11	15	10	32	2	12	22	21	34	29	21	15	34	37	48	60	56	94	76	83	96	87	83	107	126	114	138	160	160	174	133	161	152	129	165	153	183	146	164	148	167	166	186	158	161	177	190	232	204	233	197	225	243	197	206	157	163	157	163	157	138	129	146	144	167	187	161	180	159	165	206	174	193	195	196	178	185	182	190	173	185	177	173	163	156	142	147	146	137	153	149	156	142	143	168	146	114	114	108	104	59	33	62	61	32	49	24	31	21	24	20	17	14	10	20
9	1	14	6	16	15	5	13	5	14	11	20	5	12	30	31	13	7	14	0	23	27	23	42	59	40	61	67	66	79	101	96	100	113	105	140	127	141	142	158	151	137	145	141	163	192	136	181	172	197	157	139	171	178	169	189	211	208	223	233	226	225	231	220	175	172	176	167	166	162	156	152	135	142	168	163	166	168	185	178	168	178	199	193	193	176	161	167	153	172	165	169	160	150	157	150	157	129	133	144	130	139	129	127	105	129	97	83	87	86	75	55	52	43	44	32	42	36	15	11	30	27	23	14	21
10	18	22	1	3	23	18	13	29	30	17	25	9	9	11	15	11	5	11	39	6	10	7	21	7	32	60	45	58	54	83	108	79	108	130	113	113	141	138	141	166	125	113	135	163	153	181	178	174	145	140	163	184	160	171	179	184	209	230	221	207	225	201	209	169	160	138	171	152	168	151	161	167	166	192	177	164	185	194	183	168	177	177	186	190	201	172	168	173	162	171	164	138	135	154	136	151	121	125	138	136	118	103	126	116	97	86	94	84	62	69	38	48	14	42	16	39	18	17	11	0	24	12	13	13
35	2	5	8	20	4	24	7	9	11	16	30	23	17	9	7	31	26	8	12	38	29	4	45	39	16	21	43	31	85	69	83	74	130	101	133	114	140	155	113	124	146	116	140	132	130	159	159	184	160	136	169	177	191	172	179	203	198	199	204	222	216	206	173	185	143	134	150	139	156	160	176	189	170	196	196	217	191	188	209	167	180	171	179	191	200	192	176	156	182	143	178	158	117	126	128	143	119	134	118	84	122	99	125	110	113	100	78	69	37	53	53	31	39	31	32	47	16	24	27	15	27	22	4	34
13	2	23	2	12	17	23	24	19	13	9	30	5	5	9	4	28	7	8	12	2	21	25	28	29	20	19	43	20	43	45	42	63	89	83	116	109	124	124	111	141	131	106	128	139	125	143	171	169	153	132	142	152	162	164	189	166	172	202	197	212	203	195	188	163	155	120	143	154	175	144	163	207	191	206	221	188	206	212	202	185	169	161	153	155	200	214	199	148	148	168	129	148	138	145	171	156	113	110	125	113	106	115	113	90	122	79	77	67	48	42	17	23	19	20	25	9	20	34	29	6	17	12	6	9
3	18	0	8	0	23	3	22	18	8	3	11	12	9	19	1	28	12	28	0	2	9	24	43	9	22	13	32	36	45	35	54	78	63	82	88	100	112	104	124	111	122	144	129	144	117	143	148	176	166	139	169	168	170	183	180	199	166	174	197	197	178	173	196	152	161	166	143	135	157	152	168	177	182	184	202	203	224	186	197	190	145	135	128	150	169	187	183	155	164	149	134	158	115	148	149	143	141	112	132	109	106	125	99	104	96	74	43	28	50	41	39	27	14	0	32	21	7	16	21	2	5	6	6	17
38	2	9	7	3	18	9	27	19	3	21	21	12	4	6	2	15	2	21	9	15	26	7	20	35	14	26	22	9	33	35	47	44	29	73	66	83	78	75	90	97	117	113	120	114	122	134	139	159	140	131	170	172	142	160	175	174	156	183	175	190	166	173	183	172	129	147	133	150	142	147	168	206	182	203	212	186	215	190	166	147	135	152	126	150	166	149	167	175	163	167	155	116	146	155	134	159	128	107	93	92	96	97	90	103	80	72	57	58	69	28	39	34	32	10	18	37	24	3	29	32	30	7	6	14
24	28	22	6	6	1	4	8	3	9	13	1	26	12	20	27	12	2	21	14	5	18	6	21	33	10	41	27	37	25	26	31	29	17	46	39	66	55	53	64	87	93	89	106	106	127	131	148	122	135	124	144	164	160	143	148	145	170	197	174	171	193	144	183	173	135	156	144	136	142	142	169	171	167	194	194	208	205	191	157	129	140	139	125	136	127	169	160	163	135	121	154	146	149	119	127	114	114	116	123	110	93	94	80	99	85	59	43	53	22	52	30	22	35	29	22	12	1	16	17	35	19	13	2	14
22	18	9	8	13	1	10	8	16	14	1	8	8	10	3	12	13	27	4	2	5	12	31	23	3	22	28	7	12	44	2	23	12	21	33	33	52	53	39	55	83	81	90	90	120	122	93	128	107	123	150	153	143	135	148	158	153	147	173	191	192	180	169	182	159	155	148	144	136	142	154	166	154	159	135	171	161	198	178	144	129	138	122	123	125	132	142	170	143	131	140	152	170	141	131	137	128	121	127	125	121	125	93	73	86	76	48	36	63	62	25	19	33	37	16	29	25	22	42	12	0	6	35	16	16
11	18	23	11	15	5	14	10	1	6	9	9	5	15	13	12	22	33	12	25	27	26	44	30	12	22	14	8	44	2	36	19	32	28	24	64	31	31	51	40	59	54	84	86	97	91	121	105	120	107	110	135	144	113	147	141	151	133	149	135	130	169	177	153	151	137	134	142	138	149	131	139	140	152	157	166	139	154	160	158	124	139	117	102	123	132	124	145	148	147	167	135	154	112	125	127	128	107	128	120	94	107	94	60	66	46	43	32	23	21	33	4	51	22	14	5	5	3	18	16	26	18	11	16	1
3	11	21	8	9	21	19	6	6	22	1	5	3	17	21	23	0	22	25	15	22	11	0	8	0	8	22	33	42	16	21	13	1	32	43	49	25	27	26	56	42	39	44	73	80	88	97	108	83	100	111	113	138	120	124	116	124	141	159	160	146	166	179	127	162	168	146	147	166	155	162	167	132	156	163	170	163	182	132	144	130	111	108	120	117	127	122	142	150	132	153	151	121	128	130	125	129	119	114	108	72	80	68	43	23	38	23	43	37	21	30	27	0	6	12	29	17	25	21	27	3	6	7	2	32
12	9	14	7	10	0	4	8	7	16	16	12	17	0	34	8	24	18	15	0	17	25	5	15	5	1	19	13	17	25	7	25	29	52	36	26	39	24	19	16	39	34	45	66	83	86	69	90	77	95	112	92	116	107	107	117	117	141	129	148	159	166	132	165	181	168	133	161	176	145	166	167	147	140	150	152	172	157	153	108	99	122	131	131	113	102	154	151	142	155	129	130	145	121	105	128	87	118	119	93	85	61	63	57	50	41	43	19	22	12	31	28	22	39	25	4	7	19	6	2	14	33	11	19	0
5	9	0	6	18	2	17	11	3	32	18	0	18	1	20	11	18	15	6	28	10	0	24	7	25	7	20	19	36	21	33	23	23	34	20	3	11	24	41	22	38	42	56	70	30	44	62	71	90	98	78	106	107	83	92	87	97	145	141	148	131	129	166	163	154	152	144	184	158	138	132	184	159	117	159	155	166	167	146	142	138	123	131	123	104	102	131	136	139	154	128	130	99	119	118	119	118	104	71	85	71	61	59	56	68	26	49	44	24	44	22	3	21	8	16	19	2	28	13	7	3	33	10	25	23
12	9	9	18	15	19	9	6	11	12	0	13	4	35	13	28	4	18	1	13	22	5	16	11	14	12	0	13	14	26	13	14	31	15	11	22	18	48	45	47	29	26	29	59	36	48	78	69	72	89	97	102	97	96	77	89	121	111	125	118	156	124	130	164	162	119	135	142	147	136	160	141	143	147	151	156	139	115	134	143	125	135	132	141	119	123	135	115	134	122	111	121	118	116	95	126	104	97	85	65	59	72	28	26	25	10	30	47	30	31	10	12	26	1	29	10	17	0	9	13	13	4	13	5	26
27	1	5	21	7	2	12	10	13	2	10	4	9	24	17	17	0	10	15	15	7	7	12	25	13	26	10	12	5	22	13	33	19	13	14	7	18	22	18	23	16	34	47	46	52	41	46	47	51	57	45	81	93	101	81	83	105	112	110	119	96	118	120	135	116	139	142	136	157	136	158	147	139	135	128	125	124	125	121	132	130	130	148	122	128	111	131	129	114	123	123	103	114	90	112	100	74	72	52	46	45	51	58	28	37	34	29	14	10	32	12	14	19	4	1	19	28	21	24	0	14	5	30	8	16
28	24	0	2	14	28	14	17	21	0	6	24	15	22	5	0	14	5	3	9	0	28	5	33	8	7	11	14	27	13	31	29	16	17	30	21	30	15	18	7	33	2	18	18	38	45	44	38	44	47	63	75	66	62	90	110	84	90	107	127	127	122	114	115	145	122	128	121	138	139	131	120	116	126	126	135	113	128	100	127	130	130	111	112	112	143	106	112	118	113	110	94	107	108	84	101	83	70	15	63	54	28	32	32	40	21	23	10	9	19	14	33	19	33	26	10	16	20	1	18	7	12	20	14	3
17	7	8	4	7	15	18	8	17	8	2	0	5	2	11	5	4	8	38	22	6	3	6	23	13	13	18	2	1	15	9	19	13	3	25	11	19	20	45	32	17	11	5	42	5	4	42	15	24	17	31	45	60	64	97	94	82	86	105	104	117	124	107	114	124	122	87	113	151	101	133	128	118	127	113	132	119	114	112	125	149	157	126	114	133	138	139	131	132	94	81	116	87	86	77	63	73	32	24	38	45	22	30	12	24	12	25	34	6	28	12	27	26	0	12	15	20	3	18	10	6	32	1	3	4
9	11	9	7	33	9	17	8	15	9	19	19	10	5	14	15	10	6	31	10	17	0	28	8	47	14	0	3	26	8	64	8	16	23	15	2	22	18	13	17	33	8	20	21	25	51	26	20	34	50	44	28	39	66	46	52	57	67	89	93	115	102	110	105	112	112	109	131	125	136	125	117	129	133	101	140	115	106	89	105	127	116	126	144	109	109	126	108	86	96	90	79	81	55	38	18	54	43	56	36	48	18	10	31	31	25	20	18	0	28	28	20	12	6	13	14	2	17	17	32	2	20	0	1	8
15	6	8	22	9	11	0	9	5	5	1	31	15	13	23	3	0	7	3	8	0	6	5	12	7	17	1	10	10	5	5	25	10	11	21	11	19	18	7	16	26	27	5	7	42	21	58	23	10	24	31	28	25	30	44	61	63	63	69	70	91	92	107	86	100	114	99	87	113	101	115	108	129	126	120	140	109	130	119	106	123	92	112	108	117	108	108	91	82	84	79	71	48	37	26	60	26	58	41	40	15	49	16	21	31	12	30	6	29	12	6	16	18	2	37	26	11	12	19	21	17	0	5	4	19
20	22	0	4	1	17	9	10	0	32	24	6	5	25	2	21	2	12	12	8	10	8	17	5	1	2	26	15	19	15	18	6	24	15	4	1	12	8	12	35	20	13	18	22	14	16	2	20	32	29	21	10	26	30	31	34	62	39	55	43	67	53	76	50	93	71	94	110	104	95	100	105	127	117	105	129	138	94	90	101	86	104	117	97	77	91	80	69	70	74	72	50	43	31	52	47	48	30	29	33	14	23	22	41	33	14	25	8	16	23	25	13	14	6	6	12	35	15	11	10	23	10	27	11	11
15	10	6	12	23	13	8	9	2	7	26	43	6	18	6	8	11	3	2	4	0	5	0	12	7	20	5	21	4	5	15	23	2	1	16	22	8	1	27	15	12	14	36	15	37	42	10	5	13	24	22	13	20	5	40	14	27	40	48	31	42	42	46	42	43	69	83	78	87	92	91	106	96	87	91	78	120	80	116	83	112	74	76	64	105	74	75	46	39	36	40	9	58	47	22	15	34	6	31	5	6	11	10	26	18	22	11	27	18	13	16	0	13	12	11	7	12	20	5	30	4	2	2	28	37
16	19	2	6	13	7	11	34	17	6	2	15	4	6	4	27	7	11	4	1	12	4	3	0	10	9	3	13	3	10	19	6	2	22	8	11	14	15	27	10	13	9	26	10	23	14	2	33	26	6	26	12	15	47	15	58	15	24	42	4	37	11	33	17	64	51	68	57	57	75	50	72	93	67	66	84	73	85	73	84	68	72	76	63	63	58	50	37	39	43	15	27	19	14	30	48	36	12	21	9	39	12	25	18	13	3	18	23	14	2	15	21	9	7	13	31	2	1	0	10	24	34	11	3	1
0	17	9	5	8	4	11	13	6	3	12	14	0	7	9	14	35	15	5	21	2	11	18	0	21	14	16	4	5	1	1	4	9	14	12	2	4	5	6	19	8	26	25	21	15	4	14	1	33	10	20	37	18	18	23	36	39	19	31	45	24	20	47	35	37	50	49	62	66	51	52	61	46	65	85	63	53	46	66	49	45	62	27	60	19	39	25	24	37	20	18	45	33	38	39	30	33	33	18	25	22	10	7	29	20	15	24	10	22	8	25	30	8	6	26	10	4	8	6	3	11	0	1	13	14
15	11	8	4	9	14	15	3	1	5	6	20	1	7	8	4	1	15	6	13	12	17	2	8	17	12	9	12	21	13	5	21	8	8	45	3	13	2	14	3	31	42	24	11	3	18	17	6	11	18	7	12	24	21	19	8	27	20	11	33	13	25	39	21	27	51	16	54	13	41	39	40	21	25	47	59	36	26	34	45	35	34	28	22	3	41	28	7	43	21	28	38	27	21	16	41	14	14	41	23	14	14	30	39	13	18	1	38	8	9	9	9	9	0	4	12	22	9	18	2	3	8	10	5	17
2	7	8	1	12	7	0	17	2	13	7	17	11	9	6	4	11	20	4	0	4	8	10	17	6	5	24	29	4	18	5	12	0	2	8	13	20	27	29	25	20	30	7	6	9	7	11	3	29	8	1	6	17	34	24	17	15	16	26	18	21	22	33	31	40	47	29	13	34	20	30	15	18	32	48	36	9	46	43	37	18	21	37	42	27	30	53	18	26	39	28	18	19	12	4	8	11	23	18	29	16	32	12	11	7	26	8	12	8	21	23	5	15	6	13	11	1	7	1	3	5	21	13	20	26
6	5	25	15	34	24	10	0	31	7	0	2	7	10	21	16	4	13	14	3	7	0	6	4	12	1	0	21	2	1	17	15	5	4	7	13	2	28	31	18	12	22	25	15	20	13	0	12	34	11	21	3	10	29	12	16	13	23	15	18	22	10	13	23	19	33	26	33	38	38	36	31	26	37	44	25	18	22	7	31	26	23	18	22	6	35	12	47	25	24	17	28	25	11	4	3	5	19	2	22	26	24	12	10	14	14	17	15	40	5	16	28	2	15	8	4	7	13	18	5	4	26	4	15	0
2	6	22	18	25	8	12	3	0	5	7	23	13	9	2	19	13	1	5	6	12	25	1	29	9	14	1	16	13	10	3	19	17	7	20	1	1	24	5	7	0	0	2	9	18	28	5	15	5	11	13	20	5	18	29	6	10	10	30	27	33	8	29	7	20	14	19	20	31	52	36	17	4	10	21	36	19	13	6	26	31	42	20	36	43	20	0	24	31	32	23	8	16	11	19	11	33	9	9	1	4	15	25	14	14	8	21	3	19	20	13	5	4	10	3	15	9	0	9	9	14	16	1	28	9
2	25	9	29	16	6	6	7	14	1	13	13	9	2	20	20	0	2	2	8	10	20	6	2	7	5	2	16	6	11	10	3	16	37	5	10	12	19	8	1	7	6	9	1	2	37	19	3	18	6	14	4	11	9	14	10	28	8	20	21	24	25	3	33	30	27	44	1	9	26	31	23	39	20	15	33	21	30	35	38	44	44	40	17	2	8	14	17	18	45	14	18	13	7	25	0	7	11	3	3	37	17	18	16	5	25	7	9	9	11	0	10	4	23	24	16	3	1	20	20	8	1	13	2	13
23	9	9	5	1	18	31	13	7	11	14	8	9	14	8	17	27	22	0	1	10	5	1	11	2	17	5	35	11	34	1	18	16	5	4	4	22	31	7	11	4	21	19	20	6	12	18	27	22	17	3	28	8	18	27	8	9	14	2	5	26	6	13	16	36	25	12	13	26	27	2	24	5	8	11	3	19	16	12	19	8	30	23	9	13	18	29	26	16	33	13	27	28	35	18	4	0	17	17	21	28	2	26	9	4	5	25	19	22	21	17	7	6	10	7	10	6	26	6	3	3	33	7	13	6
9	6	3	3	26	17	15	12	8	16	9	12	4	0	10	3	29	0	11	13	3	4	18	26	9	8	16	11	12	14	11	7	3	3	3	23	4	18	12	14	4	2	7	15	11	3	20	6	26	10	12	7	17	8	14	17	19	29	13	5	2	37	18	32	22	29	22	18	5	18	10	18	17	27	20	24	19	22	20	20	27	36	21	9	12	41	14	4	17	6	33	2	39	8	15	19	14	29	20	16	8	13	28	22	3	9	4	15	27	9	13	7	3	22	1	16	5	14	13	5	7	4	22	6	9
6	0	7	24	5	5	8	15	5	17	11	25	6	10	2	17	25	14	9	22	2	13	1	13	8	3	9	7	1	18	5	14	10	0	5	10	3	0	14	25	7	29	16	4	8	13	0	6	25	18	6	1	14	29	21	12	19	18	11	7	6	4	16	2	30	25	26	13	4	12	17	16	17	26	12	11	34	18	0	10	1	9	26	22	0	0	43	19	16	3	0	19	2	4	10	19	7	7	5	0	9	26	2	7	22	10	5	18	28	11	11	22	20	19	10	28	4	30	1	33	19	25	12	10	10
5	7	4	5	3	23	29	15	8	11	11	9	11	7	3	28	3	2	15	20	9	8	7	42	12	5	17	5	24	3	7	18	4	8	11	9	0	2	11	2	15	3	6	9	2	9	6	12	5	15	17	0	4	21	24	13	19	18	0	4	6	32	6	11	15	35	4	11	13	3	0	2	3	12	16	18	10	10	33	11	24	11	4	9	33	4	28	22	23	13	11	7	0	21	13	15	0	13	10	35	0	7	13	10	3	0	21	17	5	15	20	3	14	6	12	4	5	15	16	5	24	15	1	3	6
34	13	1	9	7	3	6	3	1	5	9	4	18	15	1	3	3	16	28	13	36	3	5	18	5	1	12	15	3	32	8	3	15	4	1	14	9	20	0	4	2	11	11	10	2	6	20	1	2	21	27	12	2	3	11	9	1	16	9	12	18	8	22	20	29	22	10	9	2	27	21	16	16	2	28	23	27	6	1	16	7	29	24	19	24	15	18	14	6	14	20	4	29	1	22	31	28	7	0	15	17	22	2	17	33	2	10	23	4	2	12	11	0	4	6	5	6	7	5	22	8	6	9	7	2
3	12	20	15	26	7	15	14	16	4	16	11	6	4	17	2	0	8	5	23	0	3	9	9	1	15	12	23	5	4	8	11	42	17	3	3	1	16	3	7	16	5	13	17	12	21	12	21	8	3	4	10	3	0	9	6	16	23	16	29	13	12	10	7	0	19	16	5	2	18	1	8	26	8	0	23	7	4	7	0	19	13	2	25	1	18	9	4	20	11	23	14	14	17	9	7	0	16	10	6	9	6	39	21	24	4	14	16	5	2	4	14	0	4	8	21	17	13	2	5	15	4	28	2	15
12	20	4	9	2	3	6	7	22	1	15	0	0	0	0	11	35	5	13	7	8	1	5	2	9	20	13	16	4	4	25	4	17	14	20	42	5	26	1	14	0	9	13	27	11	24	2	13	2	7	13	4	0	31	8	4	24	3	23	6	8	16	14	5	10	13	2	7	14	11	14	19	25	12	11	38	8	16	13	6	21	3	17	0	10	27	12	1	24	35	22	15	3	28	20	6	15	29	19	9	19	20	30	5	12	20	12	10	3	4	7	8	4	8	3	11	4	1	4	19	6	15	1	12	9
4	3	7	2	24	12	5	1	2	5	5	5	1	1	6	15	9	5	6	28	5	19	15	28	18	4	5	10	6	3	11	17	4	10	24	4	2	5	8	4	15	15	27	13	26	9	11	7	2	25	15	4	26	28	0	7	8	4	16	1	3	19	16	0	0	5	9	25	2	1	21	17	22	25	11	5	15	17	20	3	19	16	42	14	0	2	15	1	23	14	6	25	15	14	26	9	6	2	12	29	9	0	17	9	0	9	3	15	8	4	26	17	33	12	33	23	21	0	2	0	12	20	20	23	22
13	24	16	10	35	5	0	21	17	6	2	7	6	16	18	1	0	15	7	16	7	9	6	13	26	21	6	0	11	17	16	15	6	4	9	45	15	10	6	17	3	7	23	32	16	21	6	14	21	13	22	6	12	0	11	16	17	11	17	13	2	9	26	14	6	15	17	7	5	3	7	13	5	8	7	15	15	13	16	12	10	15	12	8	7	18	4	19	3	26	14	1	6	0	9	11	11	11	0	30	9	8	20	8	7	6	27	0	25	12	31	3	32	12	1	19	36	21	3	15	19	12	5	9	25
12	4	21	16	17	2	15	6	1	7	28	6	11	10	17	21	20	25	1	11	10	3	3	7	29	15	29	7	2	2	8	8	24	14	13	16	1	22	27	6	2	10	15	4	2	4	14	0	22	18	13	23	2	11	15	22	15	19	14	5	11	5	8	14	28	9	6	8	18	5	28	2	13	13	20	7	1	3	25	20	16	22	15	4	15	30	37	10	8	12	11	13	15	15	15	7	3	10	5	9	23	10	2	5	9	22	5	16	16	1	1	10	9	33	23	0	15	6	17	28	9	0	0	5	30
19	18	16	6	9	3	3	5	11	16	8	4	6	19	23	15	11	0	1	14	25	19	17	1	6	0	12	24	23	17	13	13	15	8	15	0	3	27	26	21	5	8	0	10	4	17	1	21	3	0	6	0	17	31	17	24	14	10	19	28	31	4	9	16	3	20	17	9	1	2	26	1	16	4	6	14	1	21	2	21	6	12	6	13	0	25	14	22	5	18	10	10	10	7	13	16	15	13	0	3	27	1	14	0	14	15	7	16	3	15	6	10	11	10	2	14	4	2	25	11	5	12	19	14	12
13	7	9	9	23	31	7	1	14	10	12	7	22	7	1	6	2	9	6	16	23	3	14	22	5	21	3	10	21	0	8	15	12	22	3	16	4	3	11	2	7	0	8	31	7	18	20	7	6	4	12	9	20	4	15	3	9	2	1	6	8	22	13	3	11	16	11	23	19	2	4	0	9	19	4	19	3	11	31	1	0	15	19	2	11	7	14	21	6	9	5	3	14	6	2	10	14	2	33	18	8	6	21	10	5	26	20	1	11	3	29	7	22	5	5	8	2	0	13	16	9	9	7	2	29
16	9	8	1	8	2	9	15	11	15	12	25	23	14	4	15	18	6	31	17	32	5	9	1	6	19	13	10	25	15	1	7	23	9	10	0	2	9	11	8	9	13	1	3	7	6	8	1	0	9	1	1	7	4	15	3	18	8	9	14	14	11	4	9	2	7	12	16	13	21	38	1	4	12	13	28	1	3	0	12	13	9	3	9	2	1	19	14	12	13	25	7	16	17	12	24	4	22	1	27	10	5	20	18	22	29	11	4	3	20	7	23	24	6	17	24	14	16	3	23	7	6	1	28	2
6	16	2	12	1	12	9	12	40	4	27	29	7	1	18	9	15	15	2	8	8	3	3	32	14	7	10	16	16	24	0	13	1	3	0	2	11	5	21	11	8	25	0	9	8	23	6	26	17	9	20	8	24	14	23	6	27	3	10	4	3	0	12	0	16	5	9	10	10	0	15	7	2	12	11	10	6	3	9	20	8	14	4	7	12	31	13	14	1	16	16	13	2	12	16	38	19	0	7	3	15	7	20	33	10	25	15	23	2	4	12	12	13	11	2	20	31	21	6	9	27	12	7	6	10
7	13	26	3	6	0	3	9	7	11	0	13	4	7	8	7	29	32	3	7	12	4	1	6	1	14	1	8	7	9	26	12	3	2	17	15	28	6	10	1	3	11	13	13	5	28	6	16	9	2	18	1	8	23	11	11	15	2	10	4	4	13	11	7	7	23	7	27	2	2	7	3	4	7	23	21	14	15	13	1	10	5	0	23	20	13	10	6	17	0	6	8	15	5	13	16	4	8	16	19	10	1	7	7	21	2	5	4	2	2	7	2	11	11	7	13	9	3	18	3	5	12	25	2	5
9	16	30	22	15	9	4	8	4	31	4	8	1	14	0	1	7	10	17	7	11	32	15	5	19	12	5	13	4	5	3	21	5	1	8	10	15	1	15	9	26	0	3	16	11	10	14	22	28	3	8	12	1	4	8	21	17	22	4	19	7	26	27	14	10	6	13	8	1	22	23	6	12	3	4	24	7	20	8	17	2	1	8	23	11	4	22	13	0	15	5	10	10	13	10	7	15	15	14	12	9	21	8	20	3	1	14	6	3	0	2	16	0	4	1	20	13	4	9	16	21	3	15	11	28
